44
11 1 1 377 1
543 4 1 714 1
354 5 0 303 1
799 5 0 644 0
139 2 1 657 1
354 3 0 751 1
888 3 1 337 0
354 7 0 820 0
435 3 1 236 0
571 3 1 82 1
752 4 0 54 1
317 6 0 760 0
888 2 0 361 1
888 7 1 636 1
613 5 0 929 1
545 2 1 607 0
534 1 0 907 0
888 1 0 379 0
926 6 1 959 0
643 2 1 884 0
941 6 1 455 1
354 4 0 763 0
345 7 0 65 1
534 7 1 906 1
435 6 1 559 1
888 4 1 425 1
453 6 1 307 1
888 2 0 783 1
453 1 1 326 1
888 1 0 403 0
163 6 0 861 1
888 7 1 611 0
354 5 0 816 0
888 3 1 903 0
826 3 1 918 0
354 4 0 356 0
619 1 0 437 1
179 4 1 607 0                                                                                                           
926 6 1 959 0
643 2 1 884 0
941 6 1 455 1
354 4 0 763 0
345 7 0 65 1
534 7 1 906 1